4.7555555555555555
4.795698924731183
4.806349206349206
4.773753280839895
4.829953314659196
4.693430248811853
4.597092274511629
4.523745938694645
4.465385619671333
4.436340734375163
4.387150551809039
4.349494291631198
4.319373435326743
4.294499902452844
4.275652947584994
4.256472687047858
4.240191031863303
4.226072861132969
4.21364415118899
4.202580481523018
4.192647704662742
4.183722020957509
4.175533391921948
4.168064425149471
4.16121811420834
4.154916293636273
4.149094523705324
4.143698783629788
4.138684405055096
4.134009110972503
4.1296410400117765
4.125550526974542
4.12171169554303
4.118101841577173
4.114700944718444
4.111491273797835
4.10845706325925
4.105584251067114
4.1028602260115274
4.100273687054273
4.097814444504879
4.095473295468584
4.093241906564585
4.091112713132223
4.0890788322357565
4.087133987286035
4.085272442524183
4.083488945686733
4.081778678192943
4.080137211002029
4.078560465982094
4.077044681750106
4.0755863834364
4.074182355856017
4.07282961964604
4.07152540999238
4.070267157623244
4.069052471791854
4.067879125008974
4.066745039319075
4.065648273939848
4.064587014110079
4.063559561009733
4.062564322633728
4.061599805515623
4.060664607210132
4.059757409454415
4.058876971937596
4.058022126616246
4.057191772520736
4.056384871003661
4.05560044138699
4.054837556969408
4.054095341359503
4.053372965104164
4.052669642584801
4.051984629156861
4.051317218510661
4.050666740233791
4.050032557557346
4.049414065269982
4.048810687785408
4.048221877350265
4.047647112380657
4.047085895916655
4.046537754185127
4.046002235262143
4.045478907826972
4.044967360000447
4.044467198261096
4.043978046433027
4.043499544740094
4.0430313489213106
4.042573129402954
4.042124570523141
4.041685369805056
4.041255237275281
4.040833894824017
4.040421075604207
4.0400165234668295
4.039619992429856
4.039231246178533
4.038850057594878
4.038476208314396
4.0381094883082
4.03774969548886
4.037396635338416
4.03705012055711
4.036709970731515
4.036376012020809
4.0360480768600535
4.035726003679413
4.035409636638313
4.035098825373632
4.034793424761062
4.034493294688841
4.034198299843113
4.033908309504236
4.033623197353375
4.033342841288792
4.033067123251261
4.0327959290580955
4.032529148245279
4.032266673917264
4.032008402603975
4.0317542341246595
4.031504071458162
4.031257820619304
4.0310153905410235
4.030776692961955
4.03054164231918
4.030310155645855
4.030082152473468
4.0298575547384745
4.0296362866931
4.029418274820076
4.029203447751117
4.028991736188956
4.028783072832736
4.028577392306625
4.028374631091447
4.028174727459236
4.027977621410511
4.027783254614196
4.027591570350003
4.027402513453211
4.027216030261684
4.027032068565047
4.026850577555918
4.026671507783077
4.026494811106516
4.026320440654253
4.02614835078085
4.025978497027543
4.025810836083923
4.025645325751087
4.025481924906208
4.025320593468436
4.025161292366107
4.025003983505171
4.0248486297387975
4.024695194838115
4.024543643464021
4.024393941140035
4.024246054226126
4.024099949893498
4.02395559610028
4.0238129615680815
4.023672015759386
4.023532728855738
4.023395071736701
4.023259015959548
4.023124533739658
4.02299159793159
4.022860182010799
4.022730260055992
4.022601806732062
4.02247479727362
4.022349207469058
4.0222250136451585
4.022102192652211
4.021980721849617
4.021860579091969
4.021741742715587
4.021624191525483
4.021507904782755
4.021392862192391
4.021279043891439
4.021166430437582
4.021055002798056
4.020944742338919
4.020835630814663
4.020727650358138
4.0206207834707985
4.020515013013244
4.020410322196049
4.020306694570879
4.020204114021867
4.020102564757257
4.020002031301295
4.019902498486365
4.019803951445355
4.019706375604251
4.019609756674951
4.019514080648285
4.019419333787239
4.019325502620383
4.019232573935478
4.019140534773273
4.019049372421479
4.0189590744089125
4.018869628499804
4.018781022688273
4.018693245192952
4.018606284451759
4.018520129116824
4.018434768049547
4.018350190315795
4.018266385181237
4.018183342106792
4.018101050744218
4.018019500931806
4.017938682690196
4.017858586218306
4.01777920188937
4.0177005202470735
4.0176225320018055
4.017545228026994
4.017468599355547
4.017392637176385
4.01731733283106
4.017242677810469
4.017168663751639
4.0170952824346156
4.017022525779406
4.016950385843021
4.0168788548165795
4.016807925022491
4.016737588911707
4.016667839061043
4.016598668170565
4.016530069061042
4.016462034671462
4.016394558056608
4.0163276323846935
4.016261250935058
4.016195407095912
4.016130094362149
4.01606530633319
4.016001036710907
4.01593727929757
4.015874027993859
4.015811276796917
4.015749019798452
4.0156872511828805
4.0156259652255155
4.0155651562907995
4.015504818830575
4.015444947382395
4.015385536567882
4.015326581091104
4.015268075737012
4.015210015369897
4.015152394931884
4.01509520944147
4.015038453992081
4.014982123750673
4.014926213956356
4.014870719919057
4.014815637018203
4.014760960701443
4.014706686483388
4.014652809944391
4.014599326729341
4.0145462325464925
4.0144935231663155
4.014441194420373
4.014389242200223
4.01433766245634
4.014286451197064
4.014235604487572
4.01418511844887
4.014134989256801
4.014085213141088
4.014035786384379
4.0139867053213285
4.013937966337691
4.013889565869428
4.013841500401844
4.013793766468733
4.013746360651549
4.013699279578583
4.013652519924171
4.013606078407903
4.013559951793864
4.013514136889874
4.01346863054676
4.0134234296576246
4.013378531157147
4.0133339320208865
4.013289629264603
4.013245619943593
4.013201901152032
4.013158470022343
4.013115323724563
4.0130724594657305
4.013029874489282
4.012987566074463
4.012945531535744
4.012903768222255
4.012862273517234
4.012821044837466
4.01278007963276
4.0127393753854195
4.012698929609721
4.012658739851417
4.01261880368723
4.012579118724377
4.012539682600076
4.012500492981094
4.012461547563273
4.012422844071086
4.012384380257191
4.012346153901996
4.012308162813233
4.012270404825539
4.0122328778000425
4.012195579623961
4.012158508210204
4.012121661496985
4.012085037447437
4.012048634049238
4.012012449314245
4.011976481278126
4.01194072800001
4.011905187562135
4.011869858069508
4.011834737649561
4.011799824451833
4.01176511664763
4.011730612429716
4.011696310011994
4.011662207629203
4.011628303536609
4.0115945960097115
4.01156108334395
4.011527763854416
4.011494635875572
4.0114616977609705
4.011428947882987
4.011396384632546
4.011364006418861
4.011331811669176
4.011299798828505
4.011267966359391
4.01123631274165
4.011204836472136
4.0111735360645016
4.0111424100489605
4.011111456972062
4.01108067539646
4.011050063900698
4.01101962107898
4.010989345540964
4.010959235911546
4.010929290830653
4.010899508953037
4.0108698889480765
4.0108404294995745
4.010811129305567
4.010781987078126
4.010753001543178
4.010724171440313
4.010695495522604
4.010666972556424
4.0106386013212765
4.010610380609611
4.01058230922666
4.010554385990268
4.010526609730723
4.010498979290597
4.010471493524584
4.010444151299336
4.010416951493321
4.010389892996652
4.010362974710951
4.010336195549191
4.0103095544355565
4.010283050305292
4.010256682104566
4.010230448790329
4.010204349330178
4.0101783827022155
4.010152547894924
4.0101268439070274
4.010101269747366
4.01007582443477
4.010050506997929
4.010025316475271
4.010000251914843
4.0099753123741895
4.009950496920231
4.009925804629153
4.009901234586287
4.009876785886002
4.009852457631586
4.009828248935147
4.009804158917495
4.0097801867080385
4.0097563314446845
4.009732592273728
4.009708968349755
4.0096854588355395
4.009662062901947
4.009638779727835
4.0096156084999555
4.009592548412865
4.009569598668829
4.009546758477727
4.009524027056965
4.009501403631386
4.009478887433183
4.009456477701807
4.0094341736838865
4.009411974633142
4.009389879810302
4.009367888483018
4.009345999925792
4.0093242134198865
4.009302528253253
4.009280943720452
4.0092594591225765
4.009238073767177
4.009216786968183
4.0091955980458405
4.009174506326625
4.009153511143183
4.0091326118342545
4.0091118077446035
4.009091098224954
4.009070482631918
4.009049960327932
4.009029530681189
4.009009193065573
4.008988946860601
4.00896879145135
4.008948726228405
4.008928750587789
4.00890886393091
4.008889065664494
4.00886935520053
4.008849731956213
4.008830195353882
4.00881074482097
4.008791379789939
4.008772099698233
4.0087529039882215
4.008733792107142
4.008714763507049
4.008695817644766
4.008676953981826
4.008658171984428
4.00863947112338
4.008620850874054
4.008602310716336
4.008583850134574
4.008565468617537
4.008547165658362
4.008528940754508
4.008510793407714
4.0084927231239496
4.008474729413372
4.008456811790278
4.008438969773071
4.0084212028842
4.008403510650139
4.008385892601321
4.00836834827212
4.008350877200792
4.008333478929442
4.008316153003985
4.008298898974104
4.008281716393212
4.008264604818409
4.008247563810455
4.008230592933722
4.0082136917561595
4.008196859849259
4.00818009678802
4.008163402150908
4.008146775519826
4.008130216480075
4.00811372462032
4.00809729953256
4.008080940812087
4.008064648057461
4.008048420870471
4.008032258856106
4.00801616162252
4.008000128781004
4.00798415994595
4.007968254734826
4.007952412768141
4.007936633669415
4.00792091706515
4.007905262584805
4.007889669860757
4.0078741385282814
4.007858668225518
4.007843258593448
4.007827909275861
4.007812619919327
4.007797390173177
4.007782219689469
4.007767108122964
4.007752055131099
4.007737060373961
4.007722123514263
4.007707244217318
4.007692422151013
4.007677656985784
4.0076629483945965
4.007648296052912
4.007633699638673
4.007619158832277
4.007604673316548
4.00759024277672
4.007575866900414
4.007561545377609
4.007547277900625
4.007533064164103
4.007518903864977
4.007504796702456
4.007490742378002
4.007476740595312
4.007462791060291
4.007448893481036
4.0074350475678155
4.007421253033046
4.0074075095912765
4.0073938169591665
4.007380174855465
4.007366583000994
4.00735304111863
4.007339548933281
4.007326106171871
4.007312712563324
4.007299367838537
4.007286071730375
4.007272823973638
4.0072596243050596
4.007246472463274
4.007233368188811
4.007220311224072
4.007207301313314
4.007194338202637
4.007181421639961
4.007168551375016
4.007155727159322
4.007142948746173
4.007130215890623
4.00711752834947
4.007104885881239
4.007092288246168
4.007079735206194
4.007067226524933
4.007054761967673
4.007042341301352
4.0070299642945475
4.007017630717462
4.007005340341904
4.006993092941285
4.006980888290592
4.006968726166381
4.006956606346766
4.006944528611399
4.006932492741461
4.006920498519645
4.00690854573015
4.006896634158657
4.006884763592329
4.006872933819788
4.006861144631108
4.006849395817799
4.006837687172799
4.006826018490457
4.006814389566528
4.006802800198151
4.006791250183845
4.0067797393234965
4.0067682674183445
4.0067568342709725
4.006745439685294
4.006734083466544
4.006722765421268
4.006711485357307
4.0067002430837935
4.0066890384111336
4.006677871151
4.006666741116323
4.006655648121276
4.006644591981268
4.006633572512933
4.006622589534118
4.0066116428638745
4.00660073232245
4.006589857731276
4.006579018912959
4.006568215691269
4.006557447891134
4.006546715338627
4.006536017860957
4.006525355286463
4.006514727444601
4.006504134165935
4.00649357528213
4.0064830506259455
4.00647256003122
4.006462103332865
4.006451680366861
4.006441290970242
4.006430934981091
4.00642061223853
4.006410322582714
4.0064000658548204
4.00638984189704
4.006379650552572
4.006369491665613
4.006359365081353
4.006349270645963
4.006339208206588
4.006329177611343
4.006319178709303
4.006309211350492
4.006299275385882
4.006289370667382
4.006279497047828
4.006269654380983
4.006259842521522
4.00625006132503
4.006240310647993
4.0062305903477915
4.006220900282693
4.006211240311844
4.006201610295267
4.006192010093849
4.006182439569338
4.006172898584338
4.006163387002295
4.006153904687499
4.006144451505072
4.0061350273209655
4.0061256320019485
4.00611626541561
4.006106927430343
4.006097617915347
4.006088336740614
4.006079083776928
4.006069858895859
4.006060661969755
4.006051492871732
4.0060423514756796
4.006033237656243
4.006024151288824
4.0060150922495765
4.006006060415394
4.0059970556639115
4.005988077873496
4.005979126923241
4.0059702026929624
4.005961305063192
4.005952433915175
4.005943589130857
4.0059347705928925
4.005925978184624
4.005917211790088
4.005908471294006
4.005899756581778
4.005891067539481
4.00588240405386
4.0058737660123285
4.005865153302957
4.005856565814473
4.005848003436256
4.005839466058329
4.005830953571358
4.005822465866645
4.005814002836124
4.005805564372357
4.005797150368529
4.00578876071844
4.00578039531651
4.005772054057763
4.005763736837832
4.005755443552946
4.005747174099935
4.0057389283762195
4.005730706279807
4.00572250770929
4.00571433256384
4.005706180743203
4.0056980521476975
4.005689946678209
4.005681864236186
4.005673804723634
4.005665768043119
4.005657754097753
4.005649762791199
4.005641794027661
4.005633847711883
4.005625923749148
4.005618022045267
4.0056101425065815
4.0056022850399575
4.005594449552782
4.00558663595296
4.005578844148909
4.005571074049557
4.005563325564342
4.005555598603199
4.005547893076567
4.005540208895381
4.005532545971066
4.005524904215541
4.005517283541206
4.005509683860947
4.005502105088128
4.005494547136591
4.005487009920646
4.005479493355077
4.0054719973551345
4.005464521836529
4.005457066715432
4.005449631908474
4.005442217332737
4.0054348229057535
4.005427448545506
4.005420094170419
4.005412759699359
4.005405445051633
4.005398150146982
4.005390874905579
4.005383619248028
4.00537638309536
4.005369166369029
4.005361968990911
4.0053547908833
4.005347631968905
4.00534049217085
4.005333371412666
4.005326269618294
4.005319186712077
4.005312122618761
4.005305077263494
4.005298050571815
4.005291042469662
4.005284052883362
4.00527708173963
4.00527012896557
4.005263194488668
4.005256278236791
4.005249380138184
4.00524250012147
4.005235638115645
4.005228794050075
4.005221967854497
4.005215159459014
4.005208368794091
4.005201595790556
4.005194840379598
4.005188102492761
4.005181382061944
4.005174679019399
4.005167993297728
4.005161324829879
4.005154673549149
4.005148039389176
4.005141422283939
4.00513482216776
4.005128238975292
4.0051216726415255
4.005115123101784
4.005108590291721
4.0051020741473184
4.0050955746048835
4.005089091601049
4.0050826250727685
4.005076174957317
4.005069741192285
4.005063323715582
4.00505692246543
4.005050537380363
4.005044168399226
4.00503781546117
4.005031478505655
4.005025157472442
4.005018852301598
4.005012562933487
4.005006289308775
4.00500003136842
4.00499378905368
4.004987562306102
4.004981351067527
4.004975155280084
4.004968974886188
4.004962809828543
4.004956660050136
4.004950525494235
4.004944406104389
4.004938301824426
4.004932212598452
4.0049261383708465
4.004920079086265
4.004914034689631
4.004908005126143
4.004901990341266
4.0048959902807315
4.004890004890537
4.004884034116944
4.004878077906475
4.004872136205915
4.004866208962305
4.004860296122948
4.004854397635398
4.004848513447467
4.0048426435072155
4.004836787762962
4.004830946163265
4.0048251186569415
4.004819305193048
4.00481350572089
4.004807720190014
4.00480194855021
4.004796190751511
4.0047904467441855
4.004784716478742
4.004778999905925
4.004773296976716
4.004767607642328
4.004761931854206
4.004756269564027
4.004750620723698
4.004744985285354
4.004739363201356
4.004733754424292
4.004728158906971
4.00472257660243
4.004717007463922
4.0047114514449245
4.004705908499131
4.0047003785804565
4.004694861643027
4.004689357641188
4.004683866529496
4.0046783882627235
4.004672922795851
4.00466747008407
4.004662030082781
4.004656602747595
4.004651188034323
4.0046457858989895
4.004640396297816
4.00463501918723
4.004629654523862
4.00462430226454
4.004618962366293
4.004613634786349
4.0046083194821325
4.004603016411263
4.004597725531555
4.004592446801019
4.004587180177856
4.0045819256204584
4.00457668308741
4.004571452537483
4.00456623392964
4.004561027223028
4.004555832376981
4.00455064935102
4.0045454781048475
4.004540318598349
4.004535170791595
4.004530034644832
4.004524910118491
4.004519797173179
4.004514695769682
4.0045096058689635
4.004504527432161
4.004499460420588
4.004494404795731
4.004489360519251
4.004484327552982
4.004479305858922
4.004474295399248
4.0044692961363015
4.004464308032592
4.004459331050796
4.00445436515376
4.00444941030449
4.004444466466161
4.00443953360211
4.004434611675835
4.004429700650998
4.004424800491421
4.0044199111610865
4.004415032624134
4.004410164844863
4.0044053077877315
4.004400461417349
4.004395625698487
4.004390800596067
4.004385986075165
4.004381182101011
4.004376388638988
4.00437160565463
4.004366833113619
4.00436207098179
4.004357319225124
4.004352577809753
4.004347846701953
4.00434312586815
4.004338415274913
4.004333714888956
4.00432902467714
4.004324344606465
4.004319674644076
4.004315014757261
4.004310364913446
4.0043057250802
4.0043010952252285
4.004296475316379
4.004291865321635
4.004287265209118
4.004282674947085
4.00427809450393
4.004273523848183
4.004268962948505
4.004264411773693
4.004259870292677
4.00425533847452
4.004250816288413
4.004246303703681
4.004241800689779
4.00423730721629
4.004232823252926
4.004228348769529
4.004223883736065
4.004219428122631
4.004214981899445
4.004210545036854
4.00420611750533
4.004201699275466
4.0041972903179825
4.0041928906037185
4.004188500103638
4.0041841187888245
4.004179746630486
4.0041753835999465
4.004171029668652
4.004166684808166
4.004162348990173
4.004158022186472
4.00415370436898
4.0041493955097325
4.0041450955808795
4.0041408045546865
4.004136522403532
4.0041322490999125
4.004127984616434
4.004123728925818
4.004119482000897
4.004115243814618
4.004111014340034
4.0041067935503145
4.004102581418735
4.004098377918682
4.004094183023651
4.004089996707245
4.004085818943178
4.004081649705267
4.004077488967438
4.004073336703723
4.0040691928882595
4.00406505749529
4.004060930499162
4.004056811874328
4.0040527015953415
4.00404859963686
4.004044505973646
4.0040404205805595
4.004036343432566
4.00403227450473
4.004028213772217
4.004024161210291
4.004020116794318
4.0040160804997615
